%YAML:1.0
---
image_width: 1280
image_height: 720
camera_matrix: !!opencv-matrix
   rows: 3
   cols: 3
   dt: d
   data: [ 1.3467258186413208e+03, 0., 6.5303125197764780e+02, 0.,
       1.3270214400865395e+03, 3.7802609702807376e+02, 0., 0., 1. ]
distortion_coefficients: !!opencv-matrix
   rows: 5
   cols: 1
   dt: d
   data: [ 1.0282651961468590e-01, -1.8720043083740142e-02,
       1.5430073056570419e-02, 6.5855371004930091e-04, 0. ]
