%YAML:1.0
---
image_width: 640
image_height: 480
camera_matrix: !!opencv-matrix
   rows: 3
   cols: 3
   dt: d
   data: [ 8.5752567298541135e+02, 0., 3.2124494685043436e+02, 0.,
       8.6447146572736938e+02, 1.9626350356484923e+02, 0., 0., 1. ]
distortion_coefficients: !!opencv-matrix
   rows: 5
   cols: 1
   dt: d
   data: [ -8.8312152660704017e-03, 8.3408802688911843e-01,
       1.6805367801101397e-03, -2.1272744638047010e-03, 0. ]
